ITEM#(4)DATE(8)PRICE(4)CURRENT QTY(5)PREV QTY(5)
00010101201929990000200001		
00020101201949990000400001
00030101201949990000400003
00040101201919990000100005
00050102201969990000600006
00060102201949990000400005
00070102201949990000400001
00080102201949990000400001
00090103201919990000100001
00100103201999990000800010
00110103201999990000800007
00120103201999990000800007
00130104201919990000100001
00140104201949990000400003
00150104201969990000600002
00160105201939990000200002
00170105201939990000200002
00180105201939990000200002
00190107201909990000100100
00200108201919990000200099
00210108201939990000200040
00220109201999990000800010
00230111201959990000500003
00240111201959990000400003
00250112201969990000700009
00260112201959990000500008
00270114201999990000800009
00280114201919990000200007
00290115201929990000200009
00300116201919990000100001
00310117201979990000600004
00320118201949990000400004
00330119201939990000300004
00340120201989990000800002
00350121201999990001000010
00360123201919990000200000
00370124201919990000100002
00380126201929990000200001
00390128201989990000700002
00400130201979990000600010


